Number of the tree - Row number - X coordinate (m) - Y coordinate (m) - Diameter (m)

 1  1 18.55 20.00 0.85
 2  1 18.57 22.00 0.50
 3  1 18.56 24.00 1.12
 4  1 18.55 25.91 1.14
 5  1 18.59 27.88 0.89
 6  1 18.59 29.88 0.56
 7  1 18.45 31.89 0.47
 1  2 21.54 20.01 0.59
 2  2 21.55 22.00 0.50
 3  2 21.60 24.01 0.48
 4  2 21.61 25.90 0.47
 5  2 21.60 27.90 0.48
 6  2 21.60 29.95 0.46
 7  2 21.61 31.82 0.47
 1  3 24.57 19.98 0.90
 2  3 24.59 22.00 0.87
 3  3 24.59 23.96 1.20
 4  3 24.59 25.88 1.06
 5  3 24.56 27.86 0.92
 6  3 24.65 29.94 0.91
 7  3 24.60 31.84 1.13
